8.272779290368816874e-01,1.512597285563970217e-01,1.428796774548573012e-01,4.655261446002644798e-01,4.655261446002644798e-01,4.655261446002644798e-01
5.206113268650369719e-02,7.524978093015306513e-01,8.955033327511046082e-01,4.871526541015573364e-01,4.871526541015573364e-01,4.871526541015573364e-01
-0.000000000000000000e+00,7.651359225092164706e-01,7.147085335568590381e-01,5.000000000000000000e-01,5.000000000000000000e-01,5.000000000000000000e-01
9.070818709051309270e-02,6.690861765405315964e-01,7.110159404091973556e-01,4.778295146104901692e-01,4.778295146104901692e-01,4.778295146104901692e-01
2.927805669910412689e-01,3.497581395031829743e+00,2.725974475838029321e+00,4.319102512508868341e-01,1.919214106325189961e-01,1.919214106325189961e-01
9.577393419440340949e-01,2.527421794808560662e+00,2.410396267016494676e+00,3.097416080386333204e-01,2.247244697760660548e-01,2.247244697760660548e-01
2.479746021617756924e-02,1.171806874414414779e+00,2.897929139626285178e-01,4.938389087276296441e-01,4.938389087276296441e-01,4.938389087276296441e-01
2.283825865906692343e-01,1.170136049343454943e+00,8.545306662472285097e-01,4.460436446209757877e-01,4.460436446209757877e-01,4.460436446209757877e-01
4.003888302622726769e-02,8.814613789099894348e-01,5.727396082775157993e-01,4.900898084733185667e-01,4.900898084733185667e-01,4.900898084733185667e-01
3.835247546671780583e-01,3.736861761444743024e-01,1.131733638003424858e-01,4.724922839434387845e-01,4.724922839434387845e-01,4.724922839434387845e-01
3.047658763434810680e-01,1.367286566287930327e+00,8.173670331416360568e-01,4.293297021565189442e-01,4.293297021565189442e-01,4.293297021565189442e-01
5.043482750170369400e-01,9.217948174741650291e-01,1.107860096423337382e+00,3.885547011953003338e-01,3.885547011953003338e-01,3.885547011953003338e-01
1.986758402526902501e+00,3.492749570310479612e+00,3.762738835633172130e+00,1.851615888639753793e-01,1.308037909465789572e-01,1.308037909465789572e-01
1.791355737614594545e+00,2.173004778933318448e-02,5.487539608748193132e-01,4.945968936448823516e-01,4.945968936448823516e-01,4.945968936448823516e-01
2.233502756007510470e-02,6.490713412886179867e-01,1.075637399927472870e+00,4.944473057127777293e-01,4.944473057127777293e-01,4.944473057127777293e-01
5.720275321800727397e-01,1.337447884816356236e-02,2.351641281466072542e-01,4.966675352016944323e-01,4.966675352016944323e-01,4.966675352016944323e-01
7.849164880917669507e-02,2.111843775719535188e-01,5.565591549848249997e-01,4.807571582038354663e-01,4.807571582038354663e-01,4.807571582038354663e-01
1.627570681080214854e-01,2.815835745345793839e-01,1.972801976171467686e-01,4.609223378946626926e-01,4.609223378946626926e-01,4.609223378946626926e-01
5.793136374082678230e+00,1.861955060630862135e-01,6.621355536717601353e+00,4.140928038043793780e-02,4.555522163612739095e-01,4.140928038043793780e-02
3.636039415949653630e+00,1.781024195930058340e+00,5.119667089437371033e+00,1.217601953570333212e-01,2.052227553069568278e-01,1.159764139449476344e-01
1.125520596333899448e+00,1.535766131960372149e+00,3.645301175013173633e+00,2.848172653036338264e-01,2.848172653036338264e-01,2.423952842480574799e-01
3.167603872316249181e-01,5.692473631920620392e-01,3.653117949625993788e+00,4.267626077177429922e-01,4.267626077177429922e-01,2.414497585399203450e-01
2.946712161558934895e+00,2.959688314047525637e+00,3.932371727083591395e+00,1.145775650475985563e-01,1.145775650475985563e-01,1.145775650475985563e-01
4.164179277404400636e-01,9.020170936491922475e-01,3.085082964951197937e+00,4.060186662588839424e-01,4.060186662588839424e-01,3.207554210797163852e-01
3.065929310069805069e+00,2.414726615884319472e+00,3.160052924957199139e+00,1.494922856476100514e-01,1.494922856476100514e-01,1.494922856476100514e-01
6.082743416804987646e-01,1.425921646741244331e+00,3.444591171021784248e+00,3.688798301984856920e-01,3.676430090243284488e-01,2.679833365644347931e-01
1.506034678653577430e+00,1.314323493497795425e-01,3.143395110185792873e+00,3.532075580217976518e-01,4.681982998239750948e-01,3.115384706847190155e-01
4.810868913486956444e-01,1.523062577643941040e-01,3.569982204670850479e+00,4.633371475476594781e-01,4.633371475476594781e-01,2.516978310131901542e-01
3.155474485690319852e+00,1.737314697643341788e-01,3.196904706232999160e+00,1.548312731500987305e-01,4.584000908271534391e-01,1.548312731500987305e-01
8.517597653094526322e-01,2.576906929834876792e-02,3.375423747783315775e+00,4.898960980752551930e-01,4.935990578082551372e-01,2.774133169948296285e-01
2.080116560810438386e+00,9.801584081014880212e-02,3.326584143078889610e+00,2.650755623077127865e-01,4.760867940340599569e-01,2.650755623077127865e-01
9.114307433169415162e-01,7.977782304860738805e-01,3.538618644539383240e+00,3.355325540597508538e-01,3.355325540597508538e-01,2.556760119965155731e-01
4.035338344633601082e-01,9.798418671198305674e-02,3.802002588016875961e+00,4.760943291427459645e-01,4.760943291427459645e-01,2.241283980199743342e-01
4.436169802033873566e-01,9.826372014927073906e-01,4.178479000301649648e+00,4.005343811213875060e-01,4.005343811213875060e-01,1.856718534637574747e-01
5.690711103416106198e-01,1.046119940310745733e-01,3.768882986452354089e+00,4.745192097415756316e-01,4.745192097415756316e-01,2.278708210079992691e-01
6.186289459560612158e-01,1.233968007623843732e+00,3.926021101118294609e+00,3.669749631560289549e-01,3.669749631560289549e-01,2.106524958183412788e-01
